01 0000000000000000
11 0000000000000000
00 0000000000000000
10 0000000000000000
00 0000000000000000
10 0000000000000000
00 0000000000000000
10 0000000000000000
00 0000000000000000
10 0000000000000000
00 0000000000000000
10 0111000000000111
00 0111000000000111
10 0111000000000111
00 0111000000000111
10 0111000000000111
00 0111000000000111
10 0111000000000111
00 0111000000000111
10 0111000000000111
00 0111000000000111
10 0111000000000111
00 0111000000000111
10 0111000000000111
00 0111000000000111
10 0111000000000111
00 0111000000000111
10 0111000000000111
00 0111000000000111
10 0111000000000111
00 0111000000000111
10 0111000000000111
00 0111000000000111
10 0111000000000111
00 0111000000000111
10 0111000000000111
00 0111000000000111
10 0111000000000111
00 0111000000000111
10 0111000000000111
00 0111000000000111
10 0111000000000111
00 0111000000000111
10 0111000000000111
00 0111000000000111
10 0111000000000111
00 0111000000000111
10 0111000000000111
00 0111000000000111
10 0111000000000111
00 0111000000000111
10 0111000000000111
00 0111000000000111
10 0111000000000111
00 0111000000000111
10 0111000000000111
00 0111000000000111
10 0111000000000111
00 0111000000000111
10 0111000000000111
00 0111000000000111
10 0111000000000111
00 0111000000000111
10 0111000000000111
00 0111000000000111
10 0111000000000111
00 0111000000000111
10 0111000000000111
00 0111000000000111
10 0111000000000111
00 0111000000000111
10 0111000000000111
00 0111000000000111
10 0111000000000111
00 0111000000000111
10 0111000000000111
00 0111000000000111
10 0111000000000111
00 0111000000000111
10 0111000000000111
00 0111000000000111
10 0111000000000111
00 0111000000000111
10 0111000000000111
00 0111000000000111
10 0111000000000111
00 0111000000000111
10 0111000000000111
00 0111000000000111
10 0111000000000111
00 0111000000000111
10 0111000000000111
00 0111000000000111
10 0111000000000111
00 0111000000000111
10 0111000000000111
00 0111000000000111
10 0111000000000111
00 0111000000000111
10 0111000000000111
00 0111000000000111
10 0111000000000111
00 0111000000000111
10 0111000000000111
00 0111000000000111
10 0111000000000111
00 0111000000000111
10 0111000000000111
00 0111000000000111
10 0111000000000111
00 0111000000000111
10 0111000000000111
00 0111000000000111
10 0111000000000111
00 0111000000000111
10 0111000000000111
00 0111000000000111
10 0111000000000111
00 0111000000000111
10 0111000000000111
00 0111000000000111
10 0111000000000111
00 0111000000000111
10 0111000000000111
00 0111000000000111
10 0111000000000111
00 0111000000000111
10 0111000000000111
00 0111000000000111
10 0111000000000111
00 0111000000000111
10 0111000000000111
00 0111000000000111
10 0000000000000010
00 0000000000100000
10 0000000000100000
00 0000000000100000
10 0000000000100000
00 0000000000100000
10 0000000000100000
00 0000000000100000
10 0000000000100000
00 0000000000100000
10 0000000000100000
00 0000000000100000
10 0000000000100000
00 0000000000100000
10 0000000000100000
00 0000000000100000
10 0000000000100000
00 0000000000100000
10 0000000000100000
00 0000000000100000
10 0000000000100000
00 0000000000100000
10 0000000000100000
00 0000000000100000
10 0000000000100000
00 0000000000100000
10 0000000000100000
00 0000000000100000
10 0000000000100000
00 0000000000100000
10 0000000000100000
00 0000000000100000
10 0000000000100000
00 0000000000100000
10 0000000000100000
00 0000000000100000
10 0000000000100000
00 0000000000100000
10 0000000000100000
00 0000000000100000
10 0000000000000010
00 0000000001000000
10 0000000001000000
00 0000000001000000
10 0000000001000000
00 0000000001000000
10 0000000001000000
00 0000000001000000
10 0000000001000000
00 0000000001000000
10 0000000001000000
00 0000000001000000
10 0000000001000000
00 0000000001000000
10 0000000001000000
00 0000000001000000
10 0000000001000000
00 0000000001000000
10 0000000001000000
00 0000000001000000
10 0000000001000000
00 0000000001000000
10 0000000001000000
00 0000000001000000
10 0000000001000000
00 0000000001000000
10 0000000001000000
00 0000000001000000
10 0000000001000000
00 0000000001000000
10 0000000001000000
00 0000000001000000
10 0000000001000000
00 0000000001000000
10 0000000001000000
00 0000000001000000
10 0000000001000000
00 0000000001000000
10 0000000001000000
00 0000000001000000
10 0000000000000010
00 0000000010000000
10 0000000010000000
00 0000000010000000
10 0000000010000000
00 0000000010000000
10 0000000010000000
00 0000000010000000
10 0000000010000000
00 0000000010000000
10 0000000010000000
00 0000000010000000
10 0000000010000000
00 0000000010000000
10 0000000010000000
00 0000000010000000
10 0000000010000000
00 0000000010000000
10 0000000010000000
00 0000000010000000
10 0000000010000000
00 0000000010000000
10 0000000010000000
00 0000000010000000
10 0000000010000000
00 0000000010000000
10 0000000010000000
00 0000000010000000
10 0000000010000000
00 0000000010000000
10 0000000010000000
00 0000000010000000
10 0000000010000000
00 0000000010000000
10 0000000010000000
00 0000000010000000
10 0000000010000000
00 0000000010000000
10 0000000010000000
00 0000000010000000
10 0000000000000010
00 0000000100000000
10 0000000100000000
00 0000000100000000
10 0000000100000000
00 0000000100000000
10 0000000100000000
00 0000000100000000
10 0000000100000000
00 0000000100000000
10 0000000100000000
00 0000000100000000
10 0000000100000000
00 0000000100000000
10 0000000100000000
00 0000000100000000
10 0000000100000000
00 0000000100000000
10 0000000100000000
00 0000000100000000
10 0000000100000000
00 0000000100000000
10 0000000100000000
00 0000000100000000
10 0000000100000000
00 0000000100000000
10 0000000100000000
00 0000000100000000
10 0000000100000000
00 0000000100000000
10 0000000100000000
00 0000000100000000
10 0000000100000000
00 0000000100000000
10 0000000100000000
00 0000000100000000
10 0000000100000000
00 0000000100000000
10 0000000100000000
00 0000000100000000
10 0000000000000010
00 0000001000000000
10 0000001000000000
00 0000001000000000
10 0000001000000000
00 0000001000000000
10 0000001000000000
00 0000001000000000
10 0000001000000000
00 0000001000000000
10 0000001000000000
00 0000001000000000
10 0000001000000000
00 0000001000000000
10 0000001000000000
00 0000001000000000
10 0000001000000000
00 0000001000000000
10 0000001000000000
00 0000001000000000
10 0000001000000000
00 0000001000000000
10 0000001000000000
00 0000001000000000
10 0000001000000000
00 0000001000000000
10 0000001000000000
00 0000001000000000
10 0000001000000000
00 0000001000000000
10 0000001000000000
00 0000001000000000
10 0000001000000000
00 0000001000000000
10 0000001000000000
00 0000001000000000
10 0000001000000000
00 0000001000000000
10 0000001000000000
00 0000001000000000
10 0000000000000010
00 0000010000000000
10 0000010000000000
00 0000010000000000
10 0000010000000000
00 0000010000000000
10 0000010000000000
00 0000010000000000
10 0000010000000000
00 0000010000000000
10 0000010000000000
00 0000010000000000
10 0000010000000000
00 0000010000000000
10 0000010000000000
00 0000010000000000
10 0000010000000000
00 0000010000000000
10 0000010000000000
00 0000010000000000
10 0000010000000000
00 0000010000000000
10 0000010000000000
00 0000010000000000
10 0000010000000000
00 0000010000000000
10 0000010000000000
00 0000010000000000
10 0000010000000000
00 0000010000000000
10 0000010000000000
00 0000010000000000
10 0000010000000000
00 0000010000000000
10 0000010000000000
00 0000010000000000
10 0000010000000000
00 0000010000000000
10 0000010000000000
00 0000010000000000
10 0000000000000010
00 0000100000000000
10 0000100000000000
00 0000100000000000
10 0000100000000000
00 0000100000000000
10 0000100000000000
00 0000100000000000
10 0000100000000000
00 0000100000000000
10 0000100000000000
00 0000100000000000
10 0000100000000000
00 0000100000000000
10 0000100000000000
00 0000100000000000
10 0000100000000000
00 0000100000000000
10 0000100000000000
00 0000100000000000
10 0000100000000000
00 0000100000000000
10 0000100000000000
00 0000100000000000
10 0000100000000000
00 0000100000000000
10 0000100000000000
00 0000100000000000
10 0000100000000000
